99,31,35,88
99,26,63,9,82
99,17,13,44
99,14,90,55
98,59,77,25,56
98,46,32,40
98,46,15,76,57
98,12,76,48,87
97,67,87,61,21
96,88,68,1,44
96,62,87,1
95,94,93,76
95,83,24,6
95,61,94,76,10
95,41,70,49
95,401,646,800,291,666
944,633,231,375,921,276,672,52,713
94,931,29,121,383,326,207,205,827,252,533
94,82,37,62
94,71,75,85
94,70,4,7
94,4,43,51
93,95,60,5
93,89,43,71,90
93,84,96,38
93,49,97,51
93,32,40,26,35
93,29,1,15
93,21,30,39,81
92,97,9,70,41
92,94,40,98
92,80,65,60,20
92,75,6,80
92,6,79,14,12
92,51,24,60
92,50,78,10
92,45,48,34,56
92,42,85,18
92,35,86,8
913,285,287,540,930,22,67,774
91,53,55,12
90,94,87,61
90,8,68,67,90
90,26,50,65,27
90,23,54,89
90,13,81,58
9,93,9,18
9,69,21,74,64
9,69,18,13
9,52,8,78,76
9,21,52,1
89,99,61,31
89,84,19,75
89,74,77,92,8
89,54,62,80,38
89,26,61,8,33
89,17,83,79
88,81,76,23,35
88,8,83,4,15
88,7,48,50
88,22,17,60,82
88,14,14,26
870,799,237,889,210,272,366,470,49,317,202,920,934
87,78,67,22,70
87,50,50,83
87,29,15,9,67
87,28,79,40,19
86,9,20,86
86,3,96,23
86,26,2,60,69
85,95,49,37
85,92,3,13
85,86,2,97,66
85,19,22,95,54
84,93,71,81,22
84,89,58,37,46
84,61,35,50,15
84,5,21,74,54
84,100,68,48
83,34,1,61
82,9,30,96
82,57,44,70
82,48,32,69
82,28,14,50,44
82,26,53,83,1
82,15,13,12,64
81,91,81,96
81,77,69,34
81,54,74,8
81,45,48,47,93
81,34,34,16
80,98,68,16,69
80,97,56,48,41
80,94,99,17,97
80,74,30,51
80,7,26,84
80,66,75,54
80,47,73,86,90
80,30,35,45
80,21,26,93
8,68,95,33
8,57,15,41
79,85,26,88,66
79,59,12,16,37
79,15,76,94,52
78,95,10,1
78,72,31,1,41
78,67,81,85
78,6,96,38,46
78,58,96,81
78,55,11,89
78,54,73,12
78,25,44,60
78,23,59,11
78,17,92,97,29
77,96,62,34
77,96,47,68
77,84,97,35,80
77,84,47,36
77,78,50,35,27
77,56,71,5
77,23,73,75
76,93,75,21
76,18,18,76,41
75,27,66,52
74,85,25,29,61
74,83,59,48
74,34,57,55
74,100,9,18
73,77,93,65
73,69,30,97
73,51,63,73
73,23,97,33
728,669,942,236
72,5,70,47
72,5,46,30
72,26,90,44,6
72,16,64,31,50
712,459,267,563,745,268,404
71,9,29,91,35
71,32,47,2
70,91,97,66
70,88,41,98
70,74,17,31,11
70,66,51,28,91
70,52,19,80
70,28,52,22,74
7,76,84,94
7,68,86,13
7,5,36,18
7,44,45,28,3
7,26,81,87,42
69,93,60,29,92
69,91,59,54
69,48,76,18
69,45,48,8
69,20,98,31
69,19,72,96
69,19,46,95
69,15,34,98
68,99,86,44,92
68,91,2,19,1
68,62,24,7,45
67,87,35,76
67,78,73,39,21
66,94,71,78
66,71,56,66,25
66,65,76,25,30
66,56,27,6,67
66,47,84,71,57
66,39,3,9,54
65,22,58,4
65,20,68,57,76
65,20,18,10
65,11,18,88
65,1,16,11,84
64,89,68,63,34
64,58,73,25
64,46,24,31,84
64,17,30,52
63,83,66,44,83
63,76,64,61
63,46,4,63,40
63,31,97,58,69
63
62,98,66,8
62,90,20,16
62,48,18,55
62,36,36,36
62,25,100,96
62,17,53,9,74
61,98,8,14,27
61,9,24,89,67
61,7,61,3
61,57,98,92
61,56,80,74,56
61,54,89,20
61,49,55,14,3
61,2,57,10
606,997,532,478
605,887,256,93,902,943,204,843,847,407,923,223
60,8,78,52
60,59,23,29,93
60,51,38,98,38
60,29,53,100
60,19,67,79
6,76,3,61
6,34,41,47
592,429,566,977,153,537,75,598,705,20,90,674,31,599,119
59,98,93,53
59,95,51,60
59,90,16,21
59,87,60,75,43
59,80,12,3
59,73,72,17
59,60,99,39,22
59,40,38,76,24
58,91,39,20
58,83,93,23,31
58,83,28,86,40
58,82,81,39
575,547,738,389,691
57,95,47,86,78
57,9,62,70
57,47,31,40,39
57,21,21,30,75
56,91,97,2
56,53,61,3
56,52,13,99,16
56,51,77,14
56,25,96,6
553,444,562,836,676,406,622
55,86,57,36
55,84,58,71
55,7,69,58
55,54,63,94,100
55,39,23,59,14
55,32,62,38,86
55,100,87,90
54,96,53,58,3
54,71,63,52,34
54,70,79,27
54,57,22,69
54,55,73,43,83
54,37,68,77
53,91,75,18,95
53,85,87,88
53,76,42,45,32
53,59,84,70
53,56,57,7,90
53,54,23,40
53,11,53,74,63
52,98,40,54,10
52,71,2,75,7
52,69,12,45,59
52,5,75,26,24
52,35,72,66
51,91,25,80,48
51,81,42,95,29
51,74,44,80,77
51,71,44,81,8
51,68,95,55
51,38,37,66
50,6,29,15
50,51,6,22
50,41,26,77
5,73,70,31,39
5,73,62,27
5,67,92,2
5,47,34,66,91
5,43,34,19,46
5,22,98,84
492,85,529,556,399,403,914,711,690,155,876,228
49,61,66,55,72
49,38,70,4,90
49,26,78,25
49,26,39,25
49,19,51,85,33
48,98,84,35
48,68,81,80
48,44,6,65,61
48,25,71,62
47,93,48,75
47,91,53,38
47,61,3,59,66
47,37,39,12
47,29,10,43
46,86,11,98
46,60,91,83
45,85,16,22,87
45,61,41,79,16
45,35,90,7
45,24,94,100
45,15,65,18,89
44,73,94,5,41
44,45,50,44
44,16,19,44
43,54,24,4
43,10,39,61
42,98,56,52,19
42,95,80,6,71
42,46,23,91,74
42,17,24,76
419,242,51,485,174
41,838,591,42,74,924
41,75,64,23
41,68,61,87
41,1,60,18
409,769,211,734,239,325,854,700
40,82,37,35
40,65,60,37,58
40,15,54,92,26
4,99,63,31
4,75,21,76,27
4,61,54,74,96
4,58,98,1,47
4,14,7,46
397,136,663
39,85,41,100,4
39,84,65,34
39,78,48,33,43
39,40,64,44,47
39,33,71,95
39,11,52,93,19
39,10,83,61
38,76,59,85,99
38,4,66,98
37,92,1,15
37,73,77,22,52
37,55,84,92,8
36,87,21,73
36,79,62,31
36,52,6,69
36,44,7,16,33
36,37,42,6
35,95,45,75
35,54,11,10
35,49,79,51,72
35,30,39,46
34,60,5,93,66
34,55,91,31
34,30,52,70,26
34,1,2,5
32,80,63,84,80
32,8,58,2
32,77,62,47,6
32,68,100,39,56
31,7,61,28,47
31,60,42,39
31,31,93,44,30
31,16,81,34
30,96,71,15
30,84,6,28,97
30,55,60,65,25
3,97,81,75,85
3,85,40,48,91
3,61,37,57,1
3,44,15,73
3,40,89,43
3,35,65,80,4
3,29,70,18
29,90,8,50
29,7,17,27,85
29,63,71,74
29,10,19,64,23
28,8,35,37,55
28,58,94,38,65
28,50,44,67
28,35,3,1,100
28,35,19,80,55
28,19,79,92
27,97,84,31
27,78,96,18,98
27,7,38,75,14
27,56,14,49
27,44,91,17
27,33,58,62,51
27,1,91,32,13
26,67,10,97,15
26,6,14,50,95
26,48,41,82
26,16,53,86
25,74,21,64
25,67,9,70,39
25,25,86,75
25,19,16,5,29
24,87,6,54
24,80,21,50
24,66,54,64
24,61,98,92,49
24,28,37,99,1
24,27,53,74
24,16,72,13
234,667
23,69,4,87
23,65,64,41
23,51,82,30
23,36,45,40,83
23,19,45,100
22,37,3,56,8
22,25,68,35
22,23,63,53,89
21,38,3,82
21,34,42,41
21,26,50,41
21,14,5,31
20,91,77,12
20,76,62,68
20,72,51,79,60
20,67,76,64,24
20,64,35,21,5
20,58,53,69
20,45,98,55
20,38,88,43
20,31,91,41
2,79,62,87
2,65,50,7,92
2,58,16,2
19,68,86,7
18,9,94,94,15
18,89,13,68
18,87,79,35,58
18,16,70,65
17,94,63,77,52
17,92,88,85
17,55,93,24
17,5,28,87
17,49,4,9,34
17,48,88,66,94
16,84,52,10,73
16,59,42,53
16,34,2,90
16,33,44,48,59
16,18,97,41,10
16,18,89,97,47
16,11,91,79,63
15,90,72,40,50
15,9,6,93
15,84,95,82,17
15,81,9,61,25
15,81,70,45
15,67,55,75
15,52,49,95,9
15,44,79,58
15,40,28,67
15,29,87,26
14,73,86,94,15
14,13
13,97,82,67
13,76,55,49,71
13,62,63,15
13,41,88,56
13,19,77,40,65
13,15,14,34
12,44,71,69,55
12,36,46,72,8
12,29,51,85
11,35,37,57,59
11,21,4,68
11,14,84,9
100,60,30,76,42
100,12,77,84
10,87,43,68
10,22,48,69,63
10,16,15,52
1,7,71,44,97
1,46,52,85
1,36,4,44
1,35,42,31
1,34,24,43
1,28,18,21,76
1,2,11,76